0.583333 0.416667 0.875 0.375 1 1 0.375 0.285714 0.4722222222
0.8125 0.454545 0.4375 0.833333 0.6 1 0.642857 0.285714 0.48
0.583333 0.416667 0.75 0.375 0.5 1 0.25 0.571429 0.4590909091
0.6875 0.636364 0.625 0.555556 0.6 1 0.571429 0.285714 0.45
0.875 0.727273 0.3125 0 0.7 0.6 0.285714 0.214286 0.575
0.333333 0.916667 0.75 0.75 0.5 0.666667 0.5 0.571429 0.50625
0.75 1 0.75 1 1 0.666667 0.625 0.142857 0.415
0.75 0.454545 0.3125 0.611111 0.7 0.7 0.785714 0.214286 0.44444444445
0.416667 0.416667 1 0.5 1 0.666667 0.125 0.285714 0.642857143
0.8125 0.772727 0.625 0.388889 0.3 0.7 0.642857 0.571429 0.6714285715
0.9375 0.5 0.3125 0.555556 0.8 0.9 0.785714 0.357143 0.49375
0.4375 0.590909 0.4375 0.611111 0.2 0.6 0.785714 0.357143 0.4722222222
0.666667 0.583333 0.875 0.5 1 1 0.375 0.142857 0.6714285715
0.875 0.954545 0.8125 0.833333 0.6 0.6 0.428571 0.5 0.8285714285
0.625 0.590909 0.5 0.333333 0.2 0.4 0.714286 0.642857 0.44545454545
0.666667 0.666667 0 0.75 0 1 0.375 0.714286 0.5333333335
0.875 0.545455 0.4375 0.777778 0.4 1 0.785714 0.428571 0.6714285715
0.25 0.75 0.5 0.625 0.5 0.666667 0.25 0.142857 0.561111111
0.666667 0.916667 0.25 0.625 0.5 0.666667 0.5 0.285714 0.43333333335
0.416667 0.666667 0.5 0.375 0.5 0.666667 0.25 0.285714 0.4090909091
0.666667 0.5 0.75 0.5 0.5 0.666667 0.25 0.571429 0.592857143
0.875 0.727273 0.875 0.5 0.1 0.9 0.714286 0.571429 0.64375
0.416667 0.75 0.375 0.625 0.5 0.666667 0.25 0.285714 0.4625
0.416667 0.75 0.5 0.625 0 0.666667 0.5 0 0.39
0.666667 0.75 0.5 0.75 1 0.666667 0.125 0.285714 0.7785714285
0.6875 0.590909 0.4375 0.277778 0.6 0.9 0.214286 0.428571 0.49444444445
0.916667 0.916667 0.5 0.5 1 0.666667 0.375 0.571429 0.7214285715
0.916667 0.833333 0.625 0.5 1 0.333333 0.25 0.428571 0.50625
0.375 0.727273 0.6875 0.111111 0.3 0.4 0.5 0.714286 0.59375
0.5625 0.818182 0.6875 0.277778 0.1 0.4 0.285714 0.785714 0.66875
0.75 0.772727 0.5 0.388889 0.1 0.3 0.5 0.857143 0.5875
0.75 0.727273 0.5 0.666667 0.5 0.6 0.857143 0.5 0.6714285715
0.875 0.818182 0.4375 0.277778 0.8 0.5 0.142857 0.428571 0.49444444445
0.5 0.583333 0.875 0.75 0.5 1 0.375 0.714286 0.577777778
0.875 0.681818 0.5 0.777778 0.7 0.8 0.785714 0.357143 0.7357142855
0.5 0.416667 0.75 0.25 1 1 0.375 0.285714 0.6714285715
0.333333 0.333333 0.625 0.625 1 1 0.125 0.428571 0.522222222
0.25 0.833333 0.625 0.625 0 0.333333 0.375 0.142857 0.43
0.9375 0.590909 0.3125 0.444444 0.6 0.9 0.142857 0 0.6
0.625 0.727273 0.4375 0.388889 0.3 0.5 0.642857 0.642857 0.575
0.916667 0.916667 0.125 0.5 1 0.666667 0.25 0.142857 0.527777778
0.5 0.5 0.875 0.125 0.5 1 0 0.285714 0.538888889
0.333333 0.416667 0.375 0.5 1 1 0.5 0.285714 0.6642857145
0.666667 0.916667 0.25 0.5 0.5 0.666667 0.375 0.428571 0.48
0.5625 0.772727 0.5 0.166667 0.2 0.4 0.571429 0.714286 0.55625
0.583333 0.333333 0.625 0.625 1 0.666667 0.125 0.428571 0.65
0.583333 0.333333 0.875 0.5 1 1 0.5 0.571429 0.5833333335
0.8125 0.727273 0.5625 0.277778 0.6 0.6 0.142857 0.357143 0.46666666665
0.75 0.583333 0.625 0.875 0.5 0.333333 0.125 0.285714 0.49444444445
0.8125 0.863636 0.5 0.5 0.4 0.8 0.428571 0.857143 0.6857142855
0.916667 0.5 0.875 0.625 1 1 0.125 0.142857 0.7
